(0,0) 7
(1,0) 4
(2,0) 4
(3,0) 4
(4,0) 4
(5,0) 4
(6,0) 4
(7,0) 4
(8,0) 4
(9,0) 4
(10,0) 4
(11,0) 4
(12,0) 4
(13,0) 4
(14,0) 4
(15,0) 4
(16,0) 4
(17,0) 4
(18,0) 4
(19,0) 4
(20,0) 4
(21,0) 4
(22,0) 4
(23,0) 4
(24,0) 4
(25,0) 4
(26,0) 4
(27,0) 4
(28,0) 1
(29,0) 1
(30,0) 1
(31,0) 1
(32,0) 1
(33,0) 1
(34,0) 1
(35,0) 1
(36,0) 1
(37,0) 1
(38,0) 1
(39,0) 1
(40,0) 1
(41,0) 1
(42,0) 1
(43,0) 1
(44,0) 1
(45,0) 1
(46,0) 1
(47,0) 1
(48,0) 1
(49,0) 1
(50,0) 1
(51,0) 1
(52,0) 1
(53,0) 1
(54,0) 1
(55,0) 1
(56,0) 1
(57,0) 1
(58,0) 1
(59,0) 1
(60,0) 1
(61,0) 1
(62,0) 1
(63,0) 1
(64,0) 1
(65,0) 1
(66,0) 1
(67,0) 1
(68,0) 1
(69,0) 1
(70,0) 1
(71,0) 1
(0,1) 7
(1,1) 4
(2,1) 4
(3,1) 4
(4,1) 4
(5,1) 4
(6,1) 4
(7,1) 6
(8,1) 4
(9,1) 4
(10,1) 4
(11,1) 4
(12,1) 4
(13,1) 4
(14,1) 4
(15,1) 4
(16,1) 6
(17,1) 4
(18,1) 4
(19,1) 4
(20,1) 4
(21,1) 4
(22,1) 4
(23,1) 4
(24,1) 4
(25,1) 4
(26,1) 4
(27,1) 4
(28,1) 1
(29,1) 1
(30,1) 1
(31,1) 1
(32,1) 1
(33,1) 1
(34,1) 1
(35,1) 1
(36,1) 1
(37,1) 1
(38,1) 1
(39,1) 1
(40,1) 1
(41,1) 1
(42,1) 1
(43,1) 1
(44,1) 1
(45,1) 1
(46,1) 1
(47,1) 1
(48,1) 1
(49,1) 1
(50,1) 1
(51,1) 1
(52,1) 1
(53,1) 1
(54,1) 1
(55,1) 1
(56,1) 1
(57,1) 1
(58,1) 1
(59,1) 1
(60,1) 1
(61,1) 1
(62,1) 1
(63,1) 1
(64,1) 1
(65,1) 1
(66,1) 1
(67,1) 1
(68,1) 1
(69,1) 1
(70,1) 1
(71,1) 1
(0,2) 7
(1,2) 4
(2,2) 7
(3,2) 4
(4,2) 4
(5,2) 4
(6,2) 4
(7,2) 7
(8,2) 4
(9,2) 4
(10,2) 4
(11,2) 7
(12,2) 7
(13,2) 4
(14,2) 4
(15,2) 4
(16,2) 7
(17,2) 4
(18,2) 4
(19,2) 4
(20,2) 4
(21,2) 7
(22,2) 4
(23,2) 4
(24,2) 4
(25,2) 7
(26,2) 4
(27,2) 4
(28,2) 1
(29,2) 1
(30,2) 1
(31,2) 1
(32,2) 1
(33,2) 1
(34,2) 1
(35,2) 1
(36,2) 1
(37,2) 1
(38,2) 1
(39,2) 1
(40,2) 1
(41,2) 1
(42,2) 1
(43,2) 1
(44,2) 1
(45,2) 1
(46,2) 1
(47,2) 1
(48,2) 1
(49,2) 1
(50,2) 1
(51,2) 1
(52,2) 1
(53,2) 1
(54,2) 1
(55,2) 1
(56,2) 1
(57,2) 1
(58,2) 1
(59,2) 1
(60,2) 1
(61,2) 1
(62,2) 1
(63,2) 1
(64,2) 1
(65,2) 1
(66,2) 1
(67,2) 1
(68,2) 1
(69,2) 1
(70,2) 1
(71,2) 1
(0,3) 7
(1,3) 4
(2,3) 4
(3,3) 4
(4,3) 4
(5,3) 4
(6,3) 4
(7,3) 4
(8,3) 4
(9,3) 4
(10,3) 4
(11,3) 4
(12,3) 4
(13,3) 4
(14,3) 4
(15,3) 4
(16,3) 4
(17,3) 4
(18,3) 4
(19,3) 4
(20,3) 4
(21,3) 4
(22,3) 4
(23,3) 7
(24,3) 4
(25,3) 4
(26,3) 4
(27,3) 4
(28,3) 7
(29,3) 7
(30,3) 7
(31,3) 7
(32,3) 7
(33,3) 7
(34,3) 7
(35,3) 7
(36,3) 7
(37,3) 7
(38,3) 7
(39,3) 7
(40,3) 7
(41,3) 7
(42,3) 7
(43,3) 7
(44,3) 7
(45,3) 7
(46,3) 7
(47,3) 7
(48,3) 7
(49,3) 7
(50,3) 7
(51,3) 7
(52,3) 7
(53,3) 7
(54,3) 7
(55,3) 7
(56,3) 7
(57,3) 7
(58,3) 7
(59,3) 7
(60,3) 7
(61,3) 7
(62,3) 7
(63,3) 7
(64,3) 7
(65,3) 7
(66,3) 7
(67,3) 7
(68,3) 7
(69,3) 7
(70,3) 7
(71,3) 7
(0,4) 7
(1,4) 4
(2,4) 4
(3,4) 4
(4,4) 4
(5,4) 7
(6,4) 4
(7,4) 4
(8,4) 4
(9,4) 7
(10,4) 4
(11,4) 4
(12,4) 4
(13,4) 4
(14,4) 7
(15,4) 4
(16,4) 4
(17,4) 4
(18,4) 7
(19,4) 4
(20,4) 4
(21,4) 4
(22,4) 4
(23,4) 7
(24,4) 4
(25,4) 4
(26,4) 4
(27,4) 4
(28,4) 7
(29,4) 7
(30,4) 7
(31,4) 7
(32,4) 7
(33,4) 7
(34,4) 7
(35,4) 7
(36,4) 7
(37,4) 7
(38,4) 7
(39,4) 7
(40,4) 7
(41,4) 7
(42,4) 7
(43,4) 7
(44,4) 7
(45,4) 7
(46,4) 7
(47,4) 7
(48,4) 7
(49,4) 7
(50,4) 7
(51,4) 7
(52,4) 7
(53,4) 7
(54,4) 7
(55,4) 7
(56,4) 7
(57,4) 7
(58,4) 7
(59,4) 7
(60,4) 7
(61,4) 7
(62,4) 7
(63,4) 7
(64,4) 7
(65,4) 7
(66,4) 7
(67,4) 7
(68,4) 7
(69,4) 7
(70,4) 7
(71,4) 7
(0,5) 7
(1,5) 4
(2,5) 4
(3,5) 4
(4,5) 4
(5,5) 4
(6,5) 4
(7,5) 7
(8,5) 4
(9,5) 4
(10,5) 4
(11,5) 4
(12,5) 4
(13,5) 4
(14,5) 4
(15,5) 4
(16,5) 7
(17,5) 4
(18,5) 4
(19,5) 4
(20,5) 4
(21,5) 4
(22,5) 4
(23,5) 4
(24,5) 4
(25,5) 4
(26,5) 4
(27,5) 4
(28,5) 7
(29,5) 7
(30,5) 7
(31,5) 7
(32,5) 7
(33,5) 7
(34,5) 7
(35,5) 7
(36,5) 7
(37,5) 7
(38,5) 7
(39,5) 7
(40,5) 7
(41,5) 7
(42,5) 7
(43,5) 7
(44,5) 7
(45,5) 7
(46,5) 7
(47,5) 7
(48,5) 7
(49,5) 7
(50,5) 7
(51,5) 7
(52,5) 7
(53,5) 7
(54,5) 7
(55,5) 7
(56,5) 7
(57,5) 7
(58,5) 7
(59,5) 7
(60,5) 7
(61,5) 7
(62,5) 7
(63,5) 7
(64,5) 7
(65,5) 7
(66,5) 7
(67,5) 7
(68,5) 7
(69,5) 7
(70,5) 7
(71,5) 7
(0,6) 7
(1,6) 4
(2,6) 7
(3,6) 4
(4,6) 4
(5,6) 4
(6,6) 4
(7,6) 7
(8,6) 4
(9,6) 4
(10,6) 4
(11,6) 4
(12,6) 7
(13,6) 4
(14,6) 4
(15,6) 4
(16,6) 7
(17,6) 4
(18,6) 4
(19,6) 4
(20,6) 4
(21,6) 7
(22,6) 4
(23,6) 4
(24,6) 4
(25,6) 7
(26,6) 4
(27,6) 4
(28,6) 1
(29,6) 1
(30,6) 1
(31,6) 1
(32,6) 1
(33,6) 1
(34,6) 1
(35,6) 1
(36,6) 1
(37,6) 1
(38,6) 1
(39,6) 1
(40,6) 1
(41,6) 1
(42,6) 1
(43,6) 1
(44,6) 1
(45,6) 1
(46,6) 1
(47,6) 1
(48,6) 1
(49,6) 1
(50,6) 1
(51,6) 1
(52,6) 1
(53,6) 1
(54,6) 1
(55,6) 1
(56,6) 1
(57,6) 1
(58,6) 1
(59,6) 1
(60,6) 1
(61,6) 1
(62,6) 1
(63,6) 1
(64,6) 1
(65,6) 1
(66,6) 1
(67,6) 1
(68,6) 1
(69,6) 1
(70,6) 1
(71,6) 1
(0,7) 7
(1,7) 4
(2,7) 4
(3,7) 4
(4,7) 4
(5,7) 4
(6,7) 4
(7,7) 4
(8,7) 4
(9,7) 4
(10,7) 4
(11,7) 4
(12,7) 4
(13,7) 4
(14,7) 4
(15,7) 4
(16,7) 4
(17,7) 4
(18,7) 4
(19,7) 4
(20,7) 4
(21,7) 4
(22,7) 4
(23,7) 7
(24,7) 4
(25,7) 4
(26,7) 4
(27,7) 4
(28,7) 1
(29,7) 1
(30,7) 1
(31,7) 1
(32,7) 1
(33,7) 1
(34,7) 1
(35,7) 1
(36,7) 1
(37,7) 1
(38,7) 1
(39,7) 1
(40,7) 1
(41,7) 1
(42,7) 1
(43,7) 1
(44,7) 1
(45,7) 1
(46,7) 1
(47,7) 1
(48,7) 1
(49,7) 1
(50,7) 1
(51,7) 1
(52,7) 1
(53,7) 1
(54,7) 1
(55,7) 1
(56,7) 1
(57,7) 1
(58,7) 1
(59,7) 1
(60,7) 1
(61,7) 1
(62,7) 1
(63,7) 1
(64,7) 1
(65,7) 1
(66,7) 1
(67,7) 1
(68,7) 1
(69,7) 1
(70,7) 1
(71,7) 1
(0,8) 7
(1,8) 4
(2,8) 4
(3,8) 4
(4,8) 4
(5,8) 7
(6,8) 4
(7,8) 4
(8,8) 4
(9,8) 7
(10,8) 4
(11,8) 4
(12,8) 4
(13,8) 4
(14,8) 7
(15,8) 4
(16,8) 4
(17,8) 4
(18,8) 7
(19,8) 4
(20,8) 4
(21,8) 4
(22,8) 4
(23,8) 7
(24,8) 4
(25,8) 4
(26,8) 4
(27,8) 4
(28,8) 1
(29,8) 1
(30,8) 1
(31,8) 1
(32,8) 1
(33,8) 1
(34,8) 1
(35,8) 1
(36,8) 1
(37,8) 1
(38,8) 1
(39,8) 1
(40,8) 1
(41,8) 1
(42,8) 1
(43,8) 1
(44,8) 1
(45,8) 1
(46,8) 1
(47,8) 1
(48,8) 1
(49,8) 1
(50,8) 1
(51,8) 1
(52,8) 1
(53,8) 1
(54,8) 1
(55,8) 1
(56,8) 1
(57,8) 1
(58,8) 1
(59,8) 1
(60,8) 1
(61,8) 1
(62,8) 1
(63,8) 1
(64,8) 1
(65,8) 1
(66,8) 1
(67,8) 1
(68,8) 1
(69,8) 1
(70,8) 1
(71,8) 1
(0,9) 7
(1,9) 4
(2,9) 4
(3,9) 4
(4,9) 4
(5,9) 4
(6,9) 4
(7,9) 4
(8,9) 4
(9,9) 4
(10,9) 4
(11,9) 4
(12,9) 4
(13,9) 4
(14,9) 4
(15,9) 4
(16,9) 4
(17,9) 4
(18,9) 4
(19,9) 4
(20,9) 4
(21,9) 4
(22,9) 4
(23,9) 4
(24,9) 4
(25,9) 4
(26,9) 4
(27,9) 4
(28,9) 7
(29,9) 7
(30,9) 7
(31,9) 7
(32,9) 7
(33,9) 7
(34,9) 7
(35,9) 7
(36,9) 7
(37,9) 7
(38,9) 7
(39,9) 7
(40,9) 7
(41,9) 7
(42,9) 7
(43,9) 7
(44,9) 7
(45,9) 7
(46,9) 7
(47,9) 7
(48,9) 7
(49,9) 7
(50,9) 7
(51,9) 7
(52,9) 7
(53,9) 7
(54,9) 7
(55,9) 7
(56,9) 7
(57,9) 7
(58,9) 7
(59,9) 7
(60,9) 7
(61,9) 7
(62,9) 7
(63,9) 7
(64,9) 7
(65,9) 7
(66,9) 7
(67,9) 7
(68,9) 7
(69,9) 7
(70,9) 7
(71,9) 7
(0,10) 7
(1,10) 4
(2,10) 7
(3,10) 7
(4,10) 4
(5,10) 4
(6,10) 4
(7,10) 7
(8,10) 4
(9,10) 4
(10,10) 4
(11,10) 7
(12,10) 7
(13,10) 4
(14,10) 4
(15,10) 4
(16,10) 7
(17,10) 4
(18,10) 4
(19,10) 4
(20,10) 4
(21,10) 7
(22,10) 4
(23,10) 4
(24,10) 4
(25,10) 7
(26,10) 4
(27,10) 4
(28,10) 7
(29,10) 7
(30,10) 7
(31,10) 7
(32,10) 7
(33,10) 7
(34,10) 7
(35,10) 7
(36,10) 7
(37,10) 7
(38,10) 7
(39,10) 7
(40,10) 7
(41,10) 7
(42,10) 7
(43,10) 7
(44,10) 7
(45,10) 7
(46,10) 7
(47,10) 7
(48,10) 7
(49,10) 7
(50,10) 7
(51,10) 7
(52,10) 7
(53,10) 7
(54,10) 7
(55,10) 7
(56,10) 7
(57,10) 7
(58,10) 7
(59,10) 7
(60,10) 7
(61,10) 7
(62,10) 7
(63,10) 7
(64,10) 7
(65,10) 7
(66,10) 7
(67,10) 7
(68,10) 7
(69,10) 7
(70,10) 7
(71,10) 7
(0,11) 7
(1,11) 4
(2,11) 4
(3,11) 4
(4,11) 4
(5,11) 4
(6,11) 4
(7,11) 4
(8,11) 4
(9,11) 4
(10,11) 4
(11,11) 4
(12,11) 4
(13,11) 4
(14,11) 4
(15,11) 4
(16,11) 4
(17,11) 4
(18,11) 4
(19,11) 4
(20,11) 4
(21,11) 4
(22,11) 4
(23,11) 4
(24,11) 4
(25,11) 4
(26,11) 4
(27,11) 4
(28,11) 7
(29,11) 7
(30,11) 7
(31,11) 7
(32,11) 7
(33,11) 7
(34,11) 7
(35,11) 7
(36,11) 7
(37,11) 7
(38,11) 7
(39,11) 7
(40,11) 7
(41,11) 7
(42,11) 7
(43,11) 7
(44,11) 7
(45,11) 7
(46,11) 7
(47,11) 7
(48,11) 7
(49,11) 7
(50,11) 7
(51,11) 7
(52,11) 7
(53,11) 7
(54,11) 7
(55,11) 7
(56,11) 7
(57,11) 7
(58,11) 7
(59,11) 7
(60,11) 7
(61,11) 7
(62,11) 7
(63,11) 7
(64,11) 7
(65,11) 7
(66,11) 7
(67,11) 7
(68,11) 7
(69,11) 7
(70,11) 7
(71,11) 7
(0,12) 7
(1,12) 4
(2,12) 4
(3,12) 4
(4,12) 4
(5,12) 7
(6,12) 4
(7,12) 4
(8,12) 4
(9,12) 7
(10,12) 4
(11,12) 4
(12,12) 4
(13,12) 4
(14,12) 7
(15,12) 4
(16,12) 4
(17,12) 4
(18,12) 7
(19,12) 7
(20,12) 4
(21,12) 4
(22,12) 4
(23,12) 7
(24,12) 4
(25,12) 4
(26,12) 4
(27,12) 4
(28,12) 1
(29,12) 1
(30,12) 1
(31,12) 1
(32,12) 1
(33,12) 1
(34,12) 1
(35,12) 1
(36,12) 1
(37,12) 1
(38,12) 1
(39,12) 1
(40,12) 1
(41,12) 1
(42,12) 1
(43,12) 1
(44,12) 1
(45,12) 1
(46,12) 1
(47,12) 1
(48,12) 1
(49,12) 1
(50,12) 1
(51,12) 1
(52,12) 1
(53,12) 1
(54,12) 1
(55,12) 1
(56,12) 1
(57,12) 1
(58,12) 1
(59,12) 1
(60,12) 1
(61,12) 1
(62,12) 1
(63,12) 1
(64,12) 1
(65,12) 1
(66,12) 1
(67,12) 1
(68,12) 1
(69,12) 1
(70,12) 1
(71,12) 1
(0,13) 7
(1,13) 4
(2,13) 4
(3,13) 4
(4,13) 4
(5,13) 4
(6,13) 4
(7,13) 4
(8,13) 4
(9,13) 4
(10,13) 4
(11,13) 4
(12,13) 4
(13,13) 4
(14,13) 4
(15,13) 4
(16,13) 4
(17,13) 4
(18,13) 4
(19,13) 4
(20,13) 4
(21,13) 4
(22,13) 4
(23,13) 4
(24,13) 4
(25,13) 4
(26,13) 4
(27,13) 4
(28,13) 1
(29,13) 1
(30,13) 1
(31,13) 1
(32,13) 1
(33,13) 1
(34,13) 1
(35,13) 1
(36,13) 1
(37,13) 1
(38,13) 1
(39,13) 1
(40,13) 1
(41,13) 1
(42,13) 1
(43,13) 1
(44,13) 1
(45,13) 1
(46,13) 1
(47,13) 1
(48,13) 1
(49,13) 1
(50,13) 1
(51,13) 1
(52,13) 1
(53,13) 1
(54,13) 1
(55,13) 1
(56,13) 1
(57,13) 1
(58,13) 1
(59,13) 1
(60,13) 1
(61,13) 1
(62,13) 1
(63,13) 1
(64,13) 1
(65,13) 1
(66,13) 1
(67,13) 1
(68,13) 1
(69,13) 1
(70,13) 1
(71,13) 1
(0,14) 7
(1,14) 4
(2,14) 7
(3,14) 7
(4,14) 4
(5,14) 4
(6,14) 4
(7,14) 7
(8,14) 4
(9,14) 4
(10,14) 4
(11,14) 7
(12,14) 7
(13,14) 4
(14,14) 4
(15,14) 4
(16,14) 7
(17,14) 4
(18,14) 4
(19,14) 4
(20,14) 7
(21,14) 7
(22,14) 4
(23,14) 4
(24,14) 4
(25,14) 7
(26,14) 7
(27,14) 4
(28,14) 1
(29,14) 1
(30,14) 1
(31,14) 1
(32,14) 1
(33,14) 1
(34,14) 1
(35,14) 1
(36,14) 1
(37,14) 1
(38,14) 1
(39,14) 1
(40,14) 1
(41,14) 1
(42,14) 1
(43,14) 1
(44,14) 1
(45,14) 1
(46,14) 1
(47,14) 1
(48,14) 1
(49,14) 1
(50,14) 1
(51,14) 1
(52,14) 1
(53,14) 1
(54,14) 1
(55,14) 1
(56,14) 1
(57,14) 1
(58,14) 1
(59,14) 1
(60,14) 1
(61,14) 1
(62,14) 1
(63,14) 1
(64,14) 1
(65,14) 1
(66,14) 1
(67,14) 1
(68,14) 1
(69,14) 1
(70,14) 1
(71,14) 1
(0,15) 7
(1,15) 4
(2,15) 4
(3,15) 4
(4,15) 4
(5,15) 4
(6,15) 4
(7,15) 4
(8,15) 4
(9,15) 4
(10,15) 4
(11,15) 4
(12,15) 4
(13,15) 4
(14,15) 4
(15,15) 4
(16,15) 4
(17,15) 4
(18,15) 4
(19,15) 4
(20,15) 4
(21,15) 4
(22,15) 4
(23,15) 4
(24,15) 4
(25,15) 4
(26,15) 4
(27,15) 4
(28,15) 7
(29,15) 7
(30,15) 7
(31,15) 7
(32,15) 7
(33,15) 7
(34,15) 7
(35,15) 7
(36,15) 7
(37,15) 7
(38,15) 7
(39,15) 7
(40,15) 7
(41,15) 7
(42,15) 7
(43,15) 7
(44,15) 7
(45,15) 7
(46,15) 7
(47,15) 7
(48,15) 7
(49,15) 7
(50,15) 7
(51,15) 7
(52,15) 7
(53,15) 7
(54,15) 7
(55,15) 7
(56,15) 7
(57,15) 7
(58,15) 7
(59,15) 7
(60,15) 7
(61,15) 7
(62,15) 7
(63,15) 7
(64,15) 7
(65,15) 7
(66,15) 7
(67,15) 7
(68,15) 7
(69,15) 7
(70,15) 7
(71,15) 7
(0,16) 7
(1,16) 4
(2,16) 4
(3,16) 4
(4,16) 7
(5,16) 7
(6,16) 4
(7,16) 4
(8,16) 4
(9,16) 7
(10,16) 7
(11,16) 4
(12,16) 4
(13,16) 6
(14,16) 7
(15,16) 4
(16,16) 4
(17,16) 4
(18,16) 7
(19,16) 7
(20,16) 4
(21,16) 4
(22,16) 4
(23,16) 7
(24,16) 4
(25,16) 4
(26,16) 4
(27,16) 4
(28,16) 7
(29,16) 7
(30,16) 7
(31,16) 7
(32,16) 7
(33,16) 7
(34,16) 7
(35,16) 7
(36,16) 7
(37,16) 7
(38,16) 7
(39,16) 7
(40,16) 7
(41,16) 7
(42,16) 7
(43,16) 7
(44,16) 7
(45,16) 7
(46,16) 7
(47,16) 7
(48,16) 7
(49,16) 7
(50,16) 7
(51,16) 7
(52,16) 7
(53,16) 7
(54,16) 7
(55,16) 7
(56,16) 7
(57,16) 7
(58,16) 7
(59,16) 7
(60,16) 7
(61,16) 7
(62,16) 7
(63,16) 7
(64,16) 7
(65,16) 7
(66,16) 7
(67,16) 7
(68,16) 7
(69,16) 7
(70,16) 7
(71,16) 7
(0,17) 7
(1,17) 4
(2,17) 4
(3,17) 4
(4,17) 4
(5,17) 4
(6,17) 4
(7,17) 4
(8,17) 4
(9,17) 4
(10,17) 4
(11,17) 4
(12,17) 4
(13,17) 4
(14,17) 4
(15,17) 4
(16,17) 4
(17,17) 4
(18,17) 4
(19,17) 4
(20,17) 4
(21,17) 4
(22,17) 4
(23,17) 4
(24,17) 4
(25,17) 4
(26,17) 4
(27,17) 4
(28,17) 7
(29,17) 7
(30,17) 7
(31,17) 7
(32,17) 7
(33,17) 7
(34,17) 7
(35,17) 7
(36,17) 7
(37,17) 7
(38,17) 7
(39,17) 7
(40,17) 7
(41,17) 7
(42,17) 7
(43,17) 7
(44,17) 7
(45,17) 7
(46,17) 7
(47,17) 7
(48,17) 7
(49,17) 7
(50,17) 7
(51,17) 7
(52,17) 7
(53,17) 7
(54,17) 7
(55,17) 7
(56,17) 7
(57,17) 7
(58,17) 7
(59,17) 7
(60,17) 7
(61,17) 7
(62,17) 7
(63,17) 7
(64,17) 7
(65,17) 7
(66,17) 7
(67,17) 7
(68,17) 7
(69,17) 7
(70,17) 7
(71,17) 7
(0,18) 7
(1,18) 4
(2,18) 7
(3,18) 7
(4,18) 4
(5,18) 4
(6,18) 4
(7,18) 7
(8,18) 4
(9,18) 4
(10,18) 4
(11,18) 7
(12,18) 7
(13,18) 4
(14,18) 4
(15,18) 4
(16,18) 7
(17,18) 4
(18,18) 4
(19,18) 4
(20,18) 7
(21,18) 7
(22,18) 4
(23,18) 4
(24,18) 4
(25,18) 7
(26,18) 7
(27,18) 4
(28,18) 1
(29,18) 1
(30,18) 1
(31,18) 1
(32,18) 1
(33,18) 1
(34,18) 1
(35,18) 1
(36,18) 1
(37,18) 1
(38,18) 1
(39,18) 1
(40,18) 1
(41,18) 1
(42,18) 1
(43,18) 1
(44,18) 1
(45,18) 1
(46,18) 1
(47,18) 1
(48,18) 1
(49,18) 1
(50,18) 1
(51,18) 1
(52,18) 1
(53,18) 1
(54,18) 1
(55,18) 1
(56,18) 1
(57,18) 1
(58,18) 1
(59,18) 1
(60,18) 1
(61,18) 1
(62,18) 1
(63,18) 1
(64,18) 1
(65,18) 1
(66,18) 1
(67,18) 1
(68,18) 1
(69,18) 1
(70,18) 1
(71,18) 1
(0,19) 7
(1,19) 4
(2,19) 4
(3,19) 4
(4,19) 4
(5,19) 4
(6,19) 4
(7,19) 4
(8,19) 4
(9,19) 4
(10,19) 4
(11,19) 4
(12,19) 4
(13,19) 4
(14,19) 4
(15,19) 4
(16,19) 4
(17,19) 4
(18,19) 4
(19,19) 4
(20,19) 4
(21,19) 4
(22,19) 4
(23,19) 4
(24,19) 4
(25,19) 4
(26,19) 4
(27,19) 4
(28,19) 1
(29,19) 1
(30,19) 1
(31,19) 1
(32,19) 1
(33,19) 1
(34,19) 1
(35,19) 1
(36,19) 1
(37,19) 1
(38,19) 1
(39,19) 1
(40,19) 1
(41,19) 1
(42,19) 1
(43,19) 1
(44,19) 1
(45,19) 1
(46,19) 1
(47,19) 1
(48,19) 1
(49,19) 1
(50,19) 1
(51,19) 1
(52,19) 1
(53,19) 1
(54,19) 1
(55,19) 1
(56,19) 1
(57,19) 1
(58,19) 1
(59,19) 1
(60,19) 1
(61,19) 1
(62,19) 1
(63,19) 1
(64,19) 1
(65,19) 1
(66,19) 1
(67,19) 1
(68,19) 1
(69,19) 1
(70,19) 1
(71,19) 1
(0,20) 7
(1,20) 7
(2,20) 7
(3,20) 7
(4,20) 7
(5,20) 7
(6,20) 7
(7,20) 7
(8,20) 7
(9,20) 7
(10,20) 7
(11,20) 7
(12,20) 7
(13,20) 7
(14,20) 7
(15,20) 7
(16,20) 7
(17,20) 7
(18,20) 7
(19,20) 7
(20,20) 7
(21,20) 7
(22,20) 7
(23,20) 7
(24,20) 7
(25,20) 7
(26,20) 7
(27,20) 7
(28,20) 7
(29,20) 7
(30,20) 7
(31,20) 7
(32,20) 7
(33,20) 7
(34,20) 7
(35,20) 7
(36,20) 7
(37,20) 7
(38,20) 7
(39,20) 7
(40,20) 7
(41,20) 7
(42,20) 7
(43,20) 7
(44,20) 7
(45,20) 7
(46,20) 7
(47,20) 7
(48,20) 7
(49,20) 7
(50,20) 7
(51,20) 7
(52,20) 7
(53,20) 7
(54,20) 7
(55,20) 7
(56,20) 7
(57,20) 7
(58,20) 7
(59,20) 7
(60,20) 7
(61,20) 7
(62,20) 7
(63,20) 7
(64,20) 7
(65,20) 7
(66,20) 7
(67,20) 7
(68,20) 7
(69,20) 7
(70,20) 7
(71,20) 7
(0,21) 7
(1,21) 7
(2,21) 7
(3,21) 7
(4,21) 7
(5,21) 7
(6,21) 7
(7,21) 7
(8,21) 7
(9,21) 7
(10,21) 7
(11,21) 7
(12,21) 7
(13,21) 7
(14,21) 7
(15,21) 7
(16,21) 7
(17,21) 7
(18,21) 7
(19,21) 7
(20,21) 7
(21,21) 7
(22,21) 7
(23,21) 7
(24,21) 7
(25,21) 7
(26,21) 7
(27,21) 7
(28,21) 7
(29,21) 7
(30,21) 7
(31,21) 7
(32,21) 7
(33,21) 7
(34,21) 7
(35,21) 7
(36,21) 7
(37,21) 7
(38,21) 7
(39,21) 7
(40,21) 7
(41,21) 7
(42,21) 7
(43,21) 7
(44,21) 7
(45,21) 7
(46,21) 7
(47,21) 7
(48,21) 7
(49,21) 7
(50,21) 7
(51,21) 7
(52,21) 7
(53,21) 7
(54,21) 7
(55,21) 7
(56,21) 7
(57,21) 7
(58,21) 7
(59,21) 7
(60,21) 7
(61,21) 7
(62,21) 7
(63,21) 7
(64,21) 7
(65,21) 7
(66,21) 7
(67,21) 7
(68,21) 7
(69,21) 7
(70,21) 7
(71,21) 7
(0,22) 7
(1,22) 7
(2,22) 7
(3,22) 7
(4,22) 7
(5,22) 7
(6,22) 7
(7,22) 7
(8,22) 7
(9,22) 7
(10,22) 7
(11,22) 7
(12,22) 7
(13,22) 7
(14,22) 7
(15,22) 7
(16,22) 7
(17,22) 7
(18,22) 7
(19,22) 7
(20,22) 7
(21,22) 7
(22,22) 7
(23,22) 7
(24,22) 7
(25,22) 7
(26,22) 7
(27,22) 7
(28,22) 7
(29,22) 7
(30,22) 7
(31,22) 7
(32,22) 7
(33,22) 7
(34,22) 7
(35,22) 7
(36,22) 7
(37,22) 7
(38,22) 7
(39,22) 7
(40,22) 7
(41,22) 7
(42,22) 7
(43,22) 7
(44,22) 7
(45,22) 7
(46,22) 7
(47,22) 7
(48,22) 7
(49,22) 7
(50,22) 7
(51,22) 7
(52,22) 7
(53,22) 7
(54,22) 7
(55,22) 7
(56,22) 7
(57,22) 7
(58,22) 7
(59,22) 7
(60,22) 7
(61,22) 7
(62,22) 7
(63,22) 7
(64,22) 7
(65,22) 7
(66,22) 7
(67,22) 7
(68,22) 7
(69,22) 7
(70,22) 7
(71,22) 7
(0,23) 7
(1,23) 1
(2,23) 1
(3,23) 1
(4,23) 1
(5,23) 1
(6,23) 1
(7,23) 1
(8,23) 1
(9,23) 1
(10,23) 1
(11,23) 1
(12,23) 1
(13,23) 1
(14,23) 1
(15,23) 1
(16,23) 1
(17,23) 1
(18,23) 1
(19,23) 1
(20,23) 1
(21,23) 1
(22,23) 1
(23,23) 1
(24,23) 1
(25,23) 1
(26,23) 1
(27,23) 1
(28,23) 1
(29,23) 1
(30,23) 1
(31,23) 1
(32,23) 1
(33,23) 1
(34,23) 1
(35,23) 1
(36,23) 1
(37,23) 1
(38,23) 1
(39,23) 1
(40,23) 1
(41,23) 1
(42,23) 1
(43,23) 1
(44,23) 1
(45,23) 1
(46,23) 1
(47,23) 1
(48,23) 1
(49,23) 1
(50,23) 1
(51,23) 1
(52,23) 1
(53,23) 1
(54,23) 1
(55,23) 1
(56,23) 1
(57,23) 1
(58,23) 1
(59,23) 1
(60,23) 1
(61,23) 1
(62,23) 1
(63,23) 1
(64,23) 1
(65,23) 1
(66,23) 1
(67,23) 1
(68,23) 1
(69,23) 1
(70,23) 1
(71,23) 1
(0,24) 7
(1,24) 1
(2,24) 1
(3,24) 1
(4,24) 1
(5,24) 1
(6,24) 1
(7,24) 1
(8,24) 1
(9,24) 1
(10,24) 1
(11,24) 1
(12,24) 1
(13,24) 1
(14,24) 1
(15,24) 1
(16,24) 1
(17,24) 1
(18,24) 1
(19,24) 1
(20,24) 1
(21,24) 1
(22,24) 1
(23,24) 1
(24,24) 1
(25,24) 1
(26,24) 1
(27,24) 1
(28,24) 1
(29,24) 1
(30,24) 1
(31,24) 1
(32,24) 1
(33,24) 1
(34,24) 1
(35,24) 1
(36,24) 1
(37,24) 1
(38,24) 1
(39,24) 1
(40,24) 1
(41,24) 1
(42,24) 1
(43,24) 1
(44,24) 1
(45,24) 1
(46,24) 1
(47,24) 1
(48,24) 1
(49,24) 1
(50,24) 1
(51,24) 1
(52,24) 1
(53,24) 1
(54,24) 1
(55,24) 1
(56,24) 1
(57,24) 1
(58,24) 1
(59,24) 1
(60,24) 1
(61,24) 1
(62,24) 1
(63,24) 1
(64,24) 1
(65,24) 1
(66,24) 1
(67,24) 1
(68,24) 1
(69,24) 1
(70,24) 1
(71,24) 1
(0,25) 7
(1,25) 1
(2,25) 1
(3,25) 1
(4,25) 1
(5,25) 1
(6,25) 1
(7,25) 1
(8,25) 1
(9,25) 1
(10,25) 1
(11,25) 1
(12,25) 1
(13,25) 1
(14,25) 1
(15,25) 1
(16,25) 1
(17,25) 1
(18,25) 1
(19,25) 1
(20,25) 1
(21,25) 1
(22,25) 1
(23,25) 1
(24,25) 1
(25,25) 1
(26,25) 1
(27,25) 1
(28,25) 1
(29,25) 1
(30,25) 1
(31,25) 1
(32,25) 1
(33,25) 1
(34,25) 1
(35,25) 1
(36,25) 1
(37,25) 1
(38,25) 1
(39,25) 1
(40,25) 1
(41,25) 1
(42,25) 1
(43,25) 1
(44,25) 1
(45,25) 1
(46,25) 1
(47,25) 1
(48,25) 1
(49,25) 1
(50,25) 1
(51,25) 1
(52,25) 1
(53,25) 1
(54,25) 1
(55,25) 1
(56,25) 1
(57,25) 1
(58,25) 1
(59,25) 1
(60,25) 1
(61,25) 1
(62,25) 1
(63,25) 1
(64,25) 1
(65,25) 1
(66,25) 1
(67,25) 1
(68,25) 1
(69,25) 1
(70,25) 1
(71,25) 1
(0,26) 7
(1,26) 7
(2,26) 7
(3,26) 7
(4,26) 7
(5,26) 7
(6,26) 7
(7,26) 7
(8,26) 7
(9,26) 7
(10,26) 7
(11,26) 7
(12,26) 7
(13,26) 7
(14,26) 7
(15,26) 7
(16,26) 7
(17,26) 7
(18,26) 7
(19,26) 7
(20,26) 7
(21,26) 7
(22,26) 7
(23,26) 7
(24,26) 7
(25,26) 7
(26,26) 7
(27,26) 7
(28,26) 7
(29,26) 7
(30,26) 7
(31,26) 7
(32,26) 7
(33,26) 7
(34,26) 7
(35,26) 7
(36,26) 7
(37,26) 7
(38,26) 7
(39,26) 7
(40,26) 7
(41,26) 7
(42,26) 7
(43,26) 7
(44,26) 7
(45,26) 7
(46,26) 7
(47,26) 7
(48,26) 7
(49,26) 7
(50,26) 7
(51,26) 7
(52,26) 7
(53,26) 7
(54,26) 7
(55,26) 7
(56,26) 7
(57,26) 7
(58,26) 7
(59,26) 7
(60,26) 7
(61,26) 7
(62,26) 7
(63,26) 7
(64,26) 7
(65,26) 7
(66,26) 7
(67,26) 7
(68,26) 7
(69,26) 7
(70,26) 7
(71,26) 7
(0,27) 7
(1,27) 7
(2,27) 7
(3,27) 7
(4,27) 7
(5,27) 7
(6,27) 7
(7,27) 7
(8,27) 7
(9,27) 7
(10,27) 7
(11,27) 7
(12,27) 7
(13,27) 7
(14,27) 7
(15,27) 7
(16,27) 7
(17,27) 7
(18,27) 7
(19,27) 7
(20,27) 7
(21,27) 7
(22,27) 7
(23,27) 7
(24,27) 7
(25,27) 7
(26,27) 7
(27,27) 7
(28,27) 7
(29,27) 7
(30,27) 7
(31,27) 7
(32,27) 7
(33,27) 7
(34,27) 7
(35,27) 7
(36,27) 7
(37,27) 7
(38,27) 7
(39,27) 7
(40,27) 7
(41,27) 7
(42,27) 7
(43,27) 7
(44,27) 7
(45,27) 7
(46,27) 7
(47,27) 7
(48,27) 7
(49,27) 7
(50,27) 7
(51,27) 7
(52,27) 7
(53,27) 7
(54,27) 7
(55,27) 7
(56,27) 7
(57,27) 7
(58,27) 7
(59,27) 7
(60,27) 7
(61,27) 7
(62,27) 7
(63,27) 7
(64,27) 7
(65,27) 7
(66,27) 7
(67,27) 7
(68,27) 7
(69,27) 7
(70,27) 7
(71,27) 7
(0,28) 7
(1,28) 7
(2,28) 7
(3,28) 7
(4,28) 7
(5,28) 7
(6,28) 7
(7,28) 7
(8,28) 7
(9,28) 7
(10,28) 7
(11,28) 7
(12,28) 7
(13,28) 7
(14,28) 7
(15,28) 7
(16,28) 7
(17,28) 7
(18,28) 7
(19,28) 7
(20,28) 7
(21,28) 7
(22,28) 7
(23,28) 7
(24,28) 7
(25,28) 7
(26,28) 7
(27,28) 7
(28,28) 7
(29,28) 7
(30,28) 7
(31,28) 7
(32,28) 7
(33,28) 7
(34,28) 7
(35,28) 7
(36,28) 7
(37,28) 7
(38,28) 7
(39,28) 7
(40,28) 7
(41,28) 7
(42,28) 7
(43,28) 7
(44,28) 7
(45,28) 7
(46,28) 7
(47,28) 7
(48,28) 7
(49,28) 7
(50,28) 7
(51,28) 7
(52,28) 7
(53,28) 7
(54,28) 7
(55,28) 7
(56,28) 7
(57,28) 7
(58,28) 7
(59,28) 7
(60,28) 7
(61,28) 7
(62,28) 7
(63,28) 7
(64,28) 7
(65,28) 7
(66,28) 7
(67,28) 7
(68,28) 7
(69,28) 7
(70,28) 7
(71,28) 7
(0,29) 7
(1,29) 1
(2,29) 1
(3,29) 1
(4,29) 1
(5,29) 1
(6,29) 1
(7,29) 1
(8,29) 1
(9,29) 1
(10,29) 1
(11,29) 1
(12,29) 1
(13,29) 1
(14,29) 1
(15,29) 1
(16,29) 1
(17,29) 1
(18,29) 1
(19,29) 1
(20,29) 1
(21,29) 1
(22,29) 1
(23,29) 1
(24,29) 1
(25,29) 1
(26,29) 1
(27,29) 1
(28,29) 1
(29,29) 1
(30,29) 1
(31,29) 1
(32,29) 1
(33,29) 1
(34,29) 1
(35,29) 1
(36,29) 1
(37,29) 1
(38,29) 1
(39,29) 1
(40,29) 1
(41,29) 1
(42,29) 1
(43,29) 1
(44,29) 1
(45,29) 1
(46,29) 1
(47,29) 1
(48,29) 1
(49,29) 1
(50,29) 1
(51,29) 1
(52,29) 1
(53,29) 1
(54,29) 1
(55,29) 1
(56,29) 1
(57,29) 1
(58,29) 1
(59,29) 1
(60,29) 1
(61,29) 1
(62,29) 1
(63,29) 1
(64,29) 1
(65,29) 1
(66,29) 1
(67,29) 1
(68,29) 1
(69,29) 1
(70,29) 1
(71,29) 1
(0,30) 7
(1,30) 1
(2,30) 1
(3,30) 1
(4,30) 1
(5,30) 1
(6,30) 1
(7,30) 1
(8,30) 1
(9,30) 1
(10,30) 1
(11,30) 1
(12,30) 1
(13,30) 1
(14,30) 1
(15,30) 1
(16,30) 1
(17,30) 1
(18,30) 1
(19,30) 1
(20,30) 1
(21,30) 1
(22,30) 1
(23,30) 1
(24,30) 1
(25,30) 1
(26,30) 1
(27,30) 1
(28,30) 1
(29,30) 1
(30,30) 1
(31,30) 1
(32,30) 1
(33,30) 1
(34,30) 1
(35,30) 1
(36,30) 1
(37,30) 1
(38,30) 1
(39,30) 1
(40,30) 1
(41,30) 1
(42,30) 1
(43,30) 1
(44,30) 1
(45,30) 1
(46,30) 1
(47,30) 1
(48,30) 1
(49,30) 1
(50,30) 1
(51,30) 1
(52,30) 1
(53,30) 1
(54,30) 1
(55,30) 1
(56,30) 1
(57,30) 1
(58,30) 1
(59,30) 1
(60,30) 1
(61,30) 1
(62,30) 1
(63,30) 1
(64,30) 1
(65,30) 1
(66,30) 1
(67,30) 1
(68,30) 1
(69,30) 1
(70,30) 1
(71,30) 1
(0,31) 7
(1,31) 1
(2,31) 1
(3,31) 1
(4,31) 1
(5,31) 1
(6,31) 1
(7,31) 1
(8,31) 1
(9,31) 1
(10,31) 1
(11,31) 1
(12,31) 1
(13,31) 1
(14,31) 1
(15,31) 1
(16,31) 1
(17,31) 1
(18,31) 1
(19,31) 1
(20,31) 1
(21,31) 1
(22,31) 1
(23,31) 1
(24,31) 1
(25,31) 1
(26,31) 1
(27,31) 1
(28,31) 1
(29,31) 1
(30,31) 1
(31,31) 1
(32,31) 1
(33,31) 1
(34,31) 1
(35,31) 1
(36,31) 1
(37,31) 1
(38,31) 1
(39,31) 1
(40,31) 1
(41,31) 1
(42,31) 1
(43,31) 1
(44,31) 1
(45,31) 1
(46,31) 1
(47,31) 1
(48,31) 1
(49,31) 1
(50,31) 1
(51,31) 1
(52,31) 1
(53,31) 1
(54,31) 1
(55,31) 1
(56,31) 1
(57,31) 1
(58,31) 1
(59,31) 1
(60,31) 1
(61,31) 1
(62,31) 1
(63,31) 1
(64,31) 1
(65,31) 1
(66,31) 1
(67,31) 1
(68,31) 1
(69,31) 1
(70,31) 1
(71,31) 1
(0,32) 7
(1,32) 7
(2,32) 7
(3,32) 7
(4,32) 7
(5,32) 7
(6,32) 7
(7,32) 7
(8,32) 7
(9,32) 7
(10,32) 7
(11,32) 7
(12,32) 7
(13,32) 7
(14,32) 7
(15,32) 7
(16,32) 7
(17,32) 7
(18,32) 7
(19,32) 7
(20,32) 7
(21,32) 7
(22,32) 7
(23,32) 7
(24,32) 7
(25,32) 7
(26,32) 7
(27,32) 7
(28,32) 7
(29,32) 7
(30,32) 7
(31,32) 7
(32,32) 7
(33,32) 7
(34,32) 7
(35,32) 7
(36,32) 7
(37,32) 7
(38,32) 7
(39,32) 7
(40,32) 7
(41,32) 7
(42,32) 7
(43,32) 7
(44,32) 7
(45,32) 7
(46,32) 7
(47,32) 7
(48,32) 7
(49,32) 7
(50,32) 7
(51,32) 7
(52,32) 7
(53,32) 7
(54,32) 7
(55,32) 7
(56,32) 7
(57,32) 7
(58,32) 7
(59,32) 7
(60,32) 7
(61,32) 7
(62,32) 7
(63,32) 7
(64,32) 7
(65,32) 7
(66,32) 7
(67,32) 7
(68,32) 7
(69,32) 7
(70,32) 7
(71,32) 7
(0,33) 7
(1,33) 7
(2,33) 7
(3,33) 7
(4,33) 7
(5,33) 7
(6,33) 7
(7,33) 7
(8,33) 7
(9,33) 7
(10,33) 7
(11,33) 7
(12,33) 7
(13,33) 7
(14,33) 7
(15,33) 7
(16,33) 7
(17,33) 7
(18,33) 7
(19,33) 7
(20,33) 7
(21,33) 7
(22,33) 7
(23,33) 7
(24,33) 7
(25,33) 7
(26,33) 7
(27,33) 7
(28,33) 7
(29,33) 7
(30,33) 7
(31,33) 7
(32,33) 7
(33,33) 7
(34,33) 7
(35,33) 7
(36,33) 7
(37,33) 7
(38,33) 7
(39,33) 7
(40,33) 7
(41,33) 7
(42,33) 7
(43,33) 7
(44,33) 7
(45,33) 7
(46,33) 7
(47,33) 7
(48,33) 7
(49,33) 7
(50,33) 7
(51,33) 7
(52,33) 7
(53,33) 7
(54,33) 7
(55,33) 7
(56,33) 7
(57,33) 7
(58,33) 7
(59,33) 7
(60,33) 7
(61,33) 7
(62,33) 7
(63,33) 7
(64,33) 7
(65,33) 7
(66,33) 7
(67,33) 7
(68,33) 7
(69,33) 7
(70,33) 7
(71,33) 7
(0,34) 7
(1,34) 5
(2,34) 5
(3,34) 5
(4,34) 5
(5,34) 5
(6,34) 5
(7,34) 5
(8,34) 5
(9,34) 5
(10,34) 5
(11,34) 5
(12,34) 5
(13,34) 5
(14,34) 5
(15,34) 5
(16,34) 5
(17,34) 5
(18,34) 5
(19,34) 5
(20,34) 5
(21,34) 5
(22,34) 5
(23,34) 5
(24,34) 5
(25,34) 5
(26,34) 5
(27,34) 5
(28,34) 5
(29,34) 5
(30,34) 5
(31,34) 5
(32,34) 5
(33,34) 5
(34,34) 5
(35,34) 5
(36,34) 5
(37,34) 5
(38,34) 5
(39,34) 5
(40,34) 5
(41,34) 5
(42,34) 5
(43,34) 5
(44,34) 5
(45,34) 5
(46,34) 5
(47,34) 5
(48,34) 5
(49,34) 5
(50,34) 5
(51,34) 5
(52,34) 5
(53,34) 5
(54,34) 5
(55,34) 5
(56,34) 5
(57,34) 5
(58,34) 5
(59,34) 5
(60,34) 5
(61,34) 5
(62,34) 5
(63,34) 5
(64,34) 5
(65,34) 5
(66,34) 5
(67,34) 5
(68,34) 5
(69,34) 5
(70,34) 5
(71,34) 5
(0,35) 7
(1,35) 1
(2,35) 1
(3,35) 1
(4,35) 1
(5,35) 1
(6,35) 1
(7,35) 1
(8,35) 1
(9,35) 1
(10,35) 1
(11,35) 1
(12,35) 1
(13,35) 1
(14,35) 1
(15,35) 1
(16,35) 1
(17,35) 1
(18,35) 1
(19,35) 1
(20,35) 1
(21,35) 1
(22,35) 1
(23,35) 1
(24,35) 1
(25,35) 1
(26,35) 1
(27,35) 1
(28,35) 1
(29,35) 1
(30,35) 1
(31,35) 1
(32,35) 1
(33,35) 1
(34,35) 1
(35,35) 1
(36,35) 1
(37,35) 1
(38,35) 1
(39,35) 1
(40,35) 1
(41,35) 1
(42,35) 1
(43,35) 1
(44,35) 1
(45,35) 1
(46,35) 1
(47,35) 1
(48,35) 1
(49,35) 1
(50,35) 1
(51,35) 1
(52,35) 1
(53,35) 1
(54,35) 1
(55,35) 1
(56,35) 1
(57,35) 1
(58,35) 1
(59,35) 1
(60,35) 1
(61,35) 1
(62,35) 1
(63,35) 1
(64,35) 1
(65,35) 1
(66,35) 1
(67,35) 1
(68,35) 1
(69,35) 1
(70,35) 1
(71,35) 1
(0,36) 7
(1,36) 1
(2,36) 1
(3,36) 1
(4,36) 1
(5,36) 1
(6,36) 1
(7,36) 1
(8,36) 1
(9,36) 1
(10,36) 1
(11,36) 1
(12,36) 1
(13,36) 1
(14,36) 1
(15,36) 1
(16,36) 1
(17,36) 1
(18,36) 1
(19,36) 1
(20,36) 1
(21,36) 1
(22,36) 1
(23,36) 1
(24,36) 1
(25,36) 1
(26,36) 1
(27,36) 1
(28,36) 1
(29,36) 1
(30,36) 1
(31,36) 1
(32,36) 1
(33,36) 1
(34,36) 1
(35,36) 1
(36,36) 1
(37,36) 1
(38,36) 1
(39,36) 1
(40,36) 1
(41,36) 1
(42,36) 1
(43,36) 1
(44,36) 1
(45,36) 1
(46,36) 1
(47,36) 1
(48,36) 1
(49,36) 1
(50,36) 1
(51,36) 1
(52,36) 1
(53,36) 1
(54,36) 1
(55,36) 1
(56,36) 1
(57,36) 1
(58,36) 1
(59,36) 1
(60,36) 1
(61,36) 1
(62,36) 1
(63,36) 1
(64,36) 1
(65,36) 1
(66,36) 1
(67,36) 1
(68,36) 1
(69,36) 1
(70,36) 1
(71,36) 1
